10 30 100
4 3
6 4
6 4
8 4
3 1
5 7
7 3
6 7
9 8
5 8
5 3
8 1
5 7
2 3
2 3
5 7
5 2
10 3
6 8
2 4
9 10
5 7
6 3
6 3
10 4
7 3
8 10
5 8
10 3
6 5
3 4
3 7
1 8 731662714
3 6
1 8 702362875
3 9
3 2
2 9 546466047
1 10 217748447
1 5 694169381
2 4 641713797
1 2 296244954
3 2
2 4 714394181
3 1
1 1 806044067
3 3
1 2 231862755
2 4 528316053
1 1 846228701
2 3 266521666
2 3 51212227
2 4 922186887
3 5
1 8 65384132
1 10 451486545
3 8
2 10 549358167
3 9
1 5 383515162
2 6 599656675
1 5 923936593
3 3
3 3
2 1 850876017
1 7 112021230
1 6 377176678
3 6
3 8
2 10 472341541
2 1 119584716
3 5
1 1 798032470
3 10
1 10 832056977
2 3 826138353
2 3 386847181
2 10 304622755
3 3
3 5
1 8 163053383
1 7 373825068
1 5 475700775
3 1
3 7
2 4 636744593
2 6 698267650
1 4 311360265
3 3
1 3 236403781
2 9 957121434
2 1 18922430
3 7
3 4
3 1
3 8
1 6 201938071
3 4
1 10 28943308
1 4 574923173
2 10 41904358
2 9 592117312
2 9 157712919
3 8
3 5
2 5 164896663
1 1 746588537
3 9
3 8
1 8 219756711
3 6
2 9 95310867
3 8
2 4 563402762
2 3 201097548
1 10 342971983
2 7 171496463
2 8 778601878
2 9 55587429
1 5 616747976
1 9 469310150
3 6
2 4 72430625
3 3
2 5 750633088
3 7
3 1
1 4 404393104
1 5 497213921
3 3